1.788825273513793945e+00 0.000000000000000000e+00 0.000000000000000000e+00 0.000000000000000000e+00 3.409720897674560547e+00 0.000000000000000000e+00 0.000000000000000000e+00 0.000000000000000000e+00 3.998333215713500977e+00 3.395593643188476562e+00 3.142839908599853516e+00 0.000000000000000000e+00
3.968019723892211914e+00 0.000000000000000000e+00 0.000000000000000000e+00 0.000000000000000000e+00 2.113618612289428711e+00 0.000000000000000000e+00 0.000000000000000000e+00 0.000000000000000000e+00 3.260310173034667969e+00 2.753971338272094727e+00 2.151309728622436523e+00 0.000000000000000000e+00
1.305664420127868652e+00 0.000000000000000000e+00 0.000000000000000000e+00 0.000000000000000000e+00 1.337701201438903809e+00 0.000000000000000000e+00 0.000000000000000000e+00 0.000000000000000000e+00 1.784391403198242188e+00 1.670967578887939453e+00 4.686045169830322266e+00 0.000000000000000000e+00
1.808907508850097656e+00 0.000000000000000000e+00 0.000000000000000000e+00 0.000000000000000000e+00 2.005217313766479492e+00 0.000000000000000000e+00 0.000000000000000000e+00 0.000000000000000000e+00 3.184809684753417969e+00 2.733553409576416016e+00 1.237444162368774414e+00 0.000000000000000000e+00
5.317774295806884766e+00 0.000000000000000000e+00 0.000000000000000000e+00 0.000000000000000000e+00 2.993737697601318359e+00 0.000000000000000000e+00 0.000000000000000000e+00 0.000000000000000000e+00 4.386236190795898438e+00 3.225107192993164062e+00 7.579224109649658203e+00 0.000000000000000000e+00
1.141645550727844238e+00 0.000000000000000000e+00 0.000000000000000000e+00 0.000000000000000000e+00 1.713726639747619629e+00 0.000000000000000000e+00 0.000000000000000000e+00 0.000000000000000000e+00 2.058199882507324219e+00 9.560846090316772461e-01 1.570655584335327148e+00 0.000000000000000000e+00
6.169633388519287109e+00 0.000000000000000000e+00 0.000000000000000000e+00 0.000000000000000000e+00 5.911627292633056641e+00 0.000000000000000000e+00 0.000000000000000000e+00 0.000000000000000000e+00 6.085681438446044922e+00 4.626700878143310547e+00 3.092606067657470703e+00 0.000000000000000000e+00
2.730837345123291016e+00 0.000000000000000000e+00 0.000000000000000000e+00 0.000000000000000000e+00 2.192157030105590820e+00 0.000000000000000000e+00 0.000000000000000000e+00 0.000000000000000000e+00 2.660835385322570801e-01 1.320452570915222168e+00 7.872365713119506836e-01 0.000000000000000000e+00
4.567193686962127686e-01 0.000000000000000000e+00 0.000000000000000000e+00 0.000000000000000000e+00 4.079209566116333008e-01 0.000000000000000000e+00 0.000000000000000000e+00 0.000000000000000000e+00 2.380803525447845459e-01 4.085785448551177979e-01 8.215498924255371094e-01 0.000000000000000000e+00
9.230815887451171875e+00 0.000000000000000000e+00 0.000000000000000000e+00 0.000000000000000000e+00 3.529992818832397461e+00 0.000000000000000000e+00 0.000000000000000000e+00 0.000000000000000000e+00 1.811767816543579102e+00 3.548984289169311523e+00 4.334577083587646484e+00 0.000000000000000000e+00
2.604608774185180664e+00 0.000000000000000000e+00 0.000000000000000000e+00 0.000000000000000000e+00 1.836274623870849609e+00 0.000000000000000000e+00 0.000000000000000000e+00 0.000000000000000000e+00 7.241850852966308594e+00 3.494602441787719727e+00 1.931866407394409180e+00 0.000000000000000000e+00
5.531082933885045350e-06 0.000000000000000000e+00 0.000000000000000000e+00 0.000000000000000000e+00 2.222404003143310547e+00 0.000000000000000000e+00 0.000000000000000000e+00 0.000000000000000000e+00 9.698269516229629517e-02 8.882681131362915039e-01 1.032956838607788086e+00 0.000000000000000000e+00
8.954965323209762573e-02 0.000000000000000000e+00 0.000000000000000000e+00 0.000000000000000000e+00 8.630455732345581055e-01 0.000000000000000000e+00 0.000000000000000000e+00 0.000000000000000000e+00 2.755700051784515381e-01 6.515161991119384766e-01 2.277123183012008667e-02 0.000000000000000000e+00
1.384856700897216797e+00 0.000000000000000000e+00 0.000000000000000000e+00 0.000000000000000000e+00 8.579850792884826660e-01 0.000000000000000000e+00 0.000000000000000000e+00 0.000000000000000000e+00 4.643463790416717529e-01 1.796886771917343140e-01 1.148808673024177551e-01 0.000000000000000000e+00
2.239706180989742279e-02 0.000000000000000000e+00 0.000000000000000000e+00 0.000000000000000000e+00 2.363680601119995117e+00 0.000000000000000000e+00 0.000000000000000000e+00 0.000000000000000000e+00 2.483874261379241943e-01 5.428573489189147949e-01 2.137456238269805908e-01 0.000000000000000000e+00
1.141520023345947266e+00 0.000000000000000000e+00 0.000000000000000000e+00 0.000000000000000000e+00 1.682488083839416504e+00 0.000000000000000000e+00 0.000000000000000000e+00 0.000000000000000000e+00 1.298437714576721191e+00 1.093435049057006836e+00 1.526936054229736328e+00 0.000000000000000000e+00
5.224027633666992188e+00 0.000000000000000000e+00 0.000000000000000000e+00 0.000000000000000000e+00 6.933557987213134766e+00 0.000000000000000000e+00 0.000000000000000000e+00 0.000000000000000000e+00 6.652640342712402344e+00 6.311179637908935547e+00 4.427716255187988281e+00 0.000000000000000000e+00
1.325047135353088379e+00 0.000000000000000000e+00 0.000000000000000000e+00 0.000000000000000000e+00 1.190189719200134277e+00 0.000000000000000000e+00 0.000000000000000000e+00 0.000000000000000000e+00 1.805311888456344604e-01 3.371062576770782471e-01 2.967167412862181664e-03 0.000000000000000000e+00
4.747032642364501953e+00 0.000000000000000000e+00 0.000000000000000000e+00 0.000000000000000000e+00 5.637917518615722656e+00 0.000000000000000000e+00 0.000000000000000000e+00 0.000000000000000000e+00 6.036836624145507812e+00 2.853132247924804688e+00 1.013262152671813965e+00 0.000000000000000000e+00
5.017151832580566406e+00 0.000000000000000000e+00 0.000000000000000000e+00 0.000000000000000000e+00 3.852498292922973633e+00 0.000000000000000000e+00 0.000000000000000000e+00 0.000000000000000000e+00 5.321398258209228516e+00 5.312067031860351562e+00 3.032711982727050781e+00 0.000000000000000000e+00
3.184029579162597656e+00 0.000000000000000000e+00 0.000000000000000000e+00 0.000000000000000000e+00 2.093758583068847656e+00 0.000000000000000000e+00 0.000000000000000000e+00 0.000000000000000000e+00 1.824090719223022461e+00 1.662160515785217285e+00 2.899584174156188965e-01 0.000000000000000000e+00
5.715377807617187500e+00 0.000000000000000000e+00 0.000000000000000000e+00 0.000000000000000000e+00 1.388491988182067871e+00 0.000000000000000000e+00 0.000000000000000000e+00 0.000000000000000000e+00 3.762487694621086121e-02 4.592068791389465332e-01 3.384430885314941406e+00 0.000000000000000000e+00
1.245621085166931152e+00 0.000000000000000000e+00 0.000000000000000000e+00 0.000000000000000000e+00 1.113572478294372559e+00 0.000000000000000000e+00 0.000000000000000000e+00 0.000000000000000000e+00 7.067254930734634399e-02 6.805867701768875122e-02 1.110456362366676331e-01 0.000000000000000000e+00
5.475308895111083984e+00 0.000000000000000000e+00 0.000000000000000000e+00 0.000000000000000000e+00 8.490556478500366211e-01 0.000000000000000000e+00 0.000000000000000000e+00 0.000000000000000000e+00 5.970129370689392090e-01 1.500352025032043457e+00 8.856997489929199219e-01 0.000000000000000000e+00
1.245152115821838379e+00 0.000000000000000000e+00 0.000000000000000000e+00 0.000000000000000000e+00 9.678489565849304199e-01 0.000000000000000000e+00 0.000000000000000000e+00 0.000000000000000000e+00 9.926815629005432129e-01 8.874110877513885498e-02 1.148344755172729492e+00 0.000000000000000000e+00
5.268685340881347656e+00 0.000000000000000000e+00 0.000000000000000000e+00 0.000000000000000000e+00 2.674717187881469727e+00 0.000000000000000000e+00 0.000000000000000000e+00 0.000000000000000000e+00 6.397033214569091797e+00 4.284654617309570312e+00 1.780970096588134766e+00 0.000000000000000000e+00
2.485495567321777344e+00 0.000000000000000000e+00 0.000000000000000000e+00 0.000000000000000000e+00 2.132019281387329102e+00 0.000000000000000000e+00 0.000000000000000000e+00 0.000000000000000000e+00 2.528831481933593750e+00 1.682310581207275391e+00 2.377676010131835938e+00 0.000000000000000000e+00
9.184451699256896973e-01 0.000000000000000000e+00 0.000000000000000000e+00 0.000000000000000000e+00 2.178981542587280273e+00 0.000000000000000000e+00 0.000000000000000000e+00 0.000000000000000000e+00 7.919514775276184082e-01 7.202916145324707031e-01 4.693068265914916992e-01 0.000000000000000000e+00
3.768809795379638672e+00 0.000000000000000000e+00 0.000000000000000000e+00 0.000000000000000000e+00 6.333816051483154297e+00 0.000000000000000000e+00 0.000000000000000000e+00 0.000000000000000000e+00 3.892437696456909180e+00 3.900852441787719727e+00 7.105424404144287109e-01 0.000000000000000000e+00
1.978300333023071289e+00 0.000000000000000000e+00 0.000000000000000000e+00 0.000000000000000000e+00 2.280496120452880859e+00 0.000000000000000000e+00 0.000000000000000000e+00 0.000000000000000000e+00 3.138849735260009766e+00 3.452947616577148438e+00 9.773628711700439453e-01 0.000000000000000000e+00
1.112306594848632812e+00 0.000000000000000000e+00 0.000000000000000000e+00 0.000000000000000000e+00 1.171295285224914551e+00 0.000000000000000000e+00 0.000000000000000000e+00 0.000000000000000000e+00 3.305102586746215820e-01 1.486099600791931152e+00 5.574935115873813629e-03 0.000000000000000000e+00
9.207512140274047852e-01 0.000000000000000000e+00 0.000000000000000000e+00 0.000000000000000000e+00 2.646842479705810547e+00 0.000000000000000000e+00 0.000000000000000000e+00 0.000000000000000000e+00 1.865386247634887695e+00 1.134455442428588867e+00 2.336269378662109375e+00 0.000000000000000000e+00
2.351623326539993286e-01 0.000000000000000000e+00 0.000000000000000000e+00 0.000000000000000000e+00 1.183534026145935059e+00 0.000000000000000000e+00 0.000000000000000000e+00 0.000000000000000000e+00 2.384657307175075402e-07 8.638637065887451172e-01 6.771176815032958984e+00 0.000000000000000000e+00
2.180162221193313599e-01 0.000000000000000000e+00 0.000000000000000000e+00 0.000000000000000000e+00 8.665222525596618652e-01 0.000000000000000000e+00 0.000000000000000000e+00 0.000000000000000000e+00 1.214026689529418945e+00 1.883649945259094238e+00 4.912948012351989746e-01 0.000000000000000000e+00
2.680984020233154297e+00 0.000000000000000000e+00 0.000000000000000000e+00 0.000000000000000000e+00 4.310095310211181641e+00 0.000000000000000000e+00 0.000000000000000000e+00 0.000000000000000000e+00 2.726024150848388672e+00 2.934904575347900391e+00 3.413142919540405273e+00 0.000000000000000000e+00
1.901620745658874512e+00 0.000000000000000000e+00 0.000000000000000000e+00 0.000000000000000000e+00 1.822839498519897461e+00 0.000000000000000000e+00 0.000000000000000000e+00 0.000000000000000000e+00 2.296928644180297852e+00 1.207199573516845703e+00 8.192688822746276855e-01 0.000000000000000000e+00
3.969126939773559570e-01 0.000000000000000000e+00 0.000000000000000000e+00 0.000000000000000000e+00 1.114154815673828125e+00 0.000000000000000000e+00 0.000000000000000000e+00 0.000000000000000000e+00 2.526428699493408203e-01 1.351135373115539551e-01 6.154132065061546086e-11 0.000000000000000000e+00
1.111732006072998047e+00 0.000000000000000000e+00 0.000000000000000000e+00 0.000000000000000000e+00 1.125285267829895020e+00 0.000000000000000000e+00 0.000000000000000000e+00 0.000000000000000000e+00 2.611039161682128906e+00 1.766064286231994629e+00 4.689361751079559326e-01 0.000000000000000000e+00
4.088793754577636719e+00 0.000000000000000000e+00 0.000000000000000000e+00 0.000000000000000000e+00 2.877507448196411133e+00 0.000000000000000000e+00 0.000000000000000000e+00 0.000000000000000000e+00 1.724443554878234863e+00 2.480240106582641602e+00 1.087906479835510254e+00 0.000000000000000000e+00
3.705750942230224609e+00 0.000000000000000000e+00 0.000000000000000000e+00 0.000000000000000000e+00 8.004948496818542480e-01 0.000000000000000000e+00 0.000000000000000000e+00 0.000000000000000000e+00 1.554329752922058105e+00 2.019640207290649414e+00 1.889273047447204590e+00 0.000000000000000000e+00
1.436166167259216309e+00 0.000000000000000000e+00 0.000000000000000000e+00 0.000000000000000000e+00 1.295988202095031738e+00 0.000000000000000000e+00 0.000000000000000000e+00 0.000000000000000000e+00 8.444482833147048950e-02 6.550647020339965820e-01 3.642193973064422607e-03 0.000000000000000000e+00
1.419632434844970703e+00 0.000000000000000000e+00 0.000000000000000000e+00 0.000000000000000000e+00 1.826625823974609375e+00 0.000000000000000000e+00 0.000000000000000000e+00 0.000000000000000000e+00 2.668162345886230469e+00 2.113512754440307617e+00 2.927998006343841553e-01 0.000000000000000000e+00
7.054592370986938477e-01 0.000000000000000000e+00 0.000000000000000000e+00 0.000000000000000000e+00 2.355391025543212891e+00 0.000000000000000000e+00 0.000000000000000000e+00 0.000000000000000000e+00 1.465919494628906250e+00 1.506798982620239258e+00 2.013243675231933594e+00 0.000000000000000000e+00
3.387073040008544922e+00 0.000000000000000000e+00 0.000000000000000000e+00 0.000000000000000000e+00 3.202517509460449219e+00 0.000000000000000000e+00 0.000000000000000000e+00 0.000000000000000000e+00 3.045883178710937500e+00 4.201050281524658203e+00 2.802402496337890625e+00 0.000000000000000000e+00
1.270321846008300781e+00 0.000000000000000000e+00 0.000000000000000000e+00 0.000000000000000000e+00 2.756779432296752930e+00 0.000000000000000000e+00 0.000000000000000000e+00 0.000000000000000000e+00 3.536533355712890625e+00 3.818932533264160156e+00 2.427012205123901367e+00 0.000000000000000000e+00
2.376065731048583984e+00 0.000000000000000000e+00 0.000000000000000000e+00 0.000000000000000000e+00 1.192000746726989746e+00 0.000000000000000000e+00 0.000000000000000000e+00 0.000000000000000000e+00 4.984603077173233032e-02 2.754293680191040039e-01 9.729093313217163086e-01 0.000000000000000000e+00
1.522074341773986816e-01 0.000000000000000000e+00 0.000000000000000000e+00 0.000000000000000000e+00 6.583762913942337036e-02 0.000000000000000000e+00 0.000000000000000000e+00 0.000000000000000000e+00 9.423242299817502499e-04 4.053993895649909973e-02 8.784302849562664051e-07 0.000000000000000000e+00
7.383980602025985718e-02 0.000000000000000000e+00 0.000000000000000000e+00 0.000000000000000000e+00 3.636079654097557068e-02 0.000000000000000000e+00 0.000000000000000000e+00 0.000000000000000000e+00 2.752198113853410177e-08 8.452920615673065186e-02 6.533828377723693848e-01 0.000000000000000000e+00
3.339164853096008301e-01 0.000000000000000000e+00 0.000000000000000000e+00 0.000000000000000000e+00 3.325362503528594971e-01 0.000000000000000000e+00 0.000000000000000000e+00 0.000000000000000000e+00 3.654371500015258789e-01 9.188084006309509277e-01 8.151617050170898438e-01 0.000000000000000000e+00
3.296571969985961914e+00 0.000000000000000000e+00 0.000000000000000000e+00 0.000000000000000000e+00 5.569518804550170898e-01 0.000000000000000000e+00 0.000000000000000000e+00 0.000000000000000000e+00 2.820162773132324219e-01 3.026945888996124268e-01 2.253758953884243965e-03 0.000000000000000000e+00
2.031995773315429688e+00 0.000000000000000000e+00 0.000000000000000000e+00 0.000000000000000000e+00 4.810143411159515381e-01 0.000000000000000000e+00 0.000000000000000000e+00 0.000000000000000000e+00 2.060982584953308105e-02 7.089231014251708984e-01 1.760357379913330078e+00 0.000000000000000000e+00
1.955092787742614746e+00 0.000000000000000000e+00 0.000000000000000000e+00 0.000000000000000000e+00 4.601851999759674072e-01 0.000000000000000000e+00 0.000000000000000000e+00 0.000000000000000000e+00 3.378869056701660156e+00 1.557422995567321777e+00 4.209322482347488403e-02 0.000000000000000000e+00
2.587273597717285156e+00 0.000000000000000000e+00 0.000000000000000000e+00 0.000000000000000000e+00 8.697076439857482910e-01 0.000000000000000000e+00 0.000000000000000000e+00 0.000000000000000000e+00 2.212934017181396484e+00 1.532435774803161621e+00 1.169724822044372559e+00 0.000000000000000000e+00
5.525904297828674316e-01 0.000000000000000000e+00 0.000000000000000000e+00 0.000000000000000000e+00 1.249372437596321106e-01 0.000000000000000000e+00 0.000000000000000000e+00 0.000000000000000000e+00 2.350571155548095703e-01 2.128850817680358887e-01 3.382478058338165283e-01 0.000000000000000000e+00
1.358345866203308105e+00 0.000000000000000000e+00 0.000000000000000000e+00 0.000000000000000000e+00 1.524778604507446289e+00 0.000000000000000000e+00 0.000000000000000000e+00 0.000000000000000000e+00 3.209808766841888428e-01 6.149241924285888672e-01 2.135803699493408203e+00 0.000000000000000000e+00
5.573640823364257812e+00 0.000000000000000000e+00 0.000000000000000000e+00 0.000000000000000000e+00 3.542546033859252930e-01 0.000000000000000000e+00 0.000000000000000000e+00 0.000000000000000000e+00 7.145974040031433105e-02 8.705344796180725098e-01 1.760717034339904785e+00 0.000000000000000000e+00
3.905542135238647461e+00 0.000000000000000000e+00 0.000000000000000000e+00 0.000000000000000000e+00 3.719248771667480469e+00 0.000000000000000000e+00 0.000000000000000000e+00 0.000000000000000000e+00 4.099314212799072266e+00 3.605031013488769531e+00 3.479867935180664062e+00 0.000000000000000000e+00
3.181522369384765625e+00 0.000000000000000000e+00 0.000000000000000000e+00 0.000000000000000000e+00 1.961270809173583984e+00 0.000000000000000000e+00 0.000000000000000000e+00 0.000000000000000000e+00 1.191751718521118164e+00 3.917331695556640625e+00 2.699153661727905273e+00 0.000000000000000000e+00
1.629699021577835083e-02 0.000000000000000000e+00 0.000000000000000000e+00 0.000000000000000000e+00 2.962530553340911865e-01 0.000000000000000000e+00 0.000000000000000000e+00 0.000000000000000000e+00 1.614118069410324097e-01 5.546600371599197388e-02 7.055979967117309570e-02 0.000000000000000000e+00
1.860878944396972656e+00 0.000000000000000000e+00 0.000000000000000000e+00 0.000000000000000000e+00 1.186823964118957520e+00 0.000000000000000000e+00 0.000000000000000000e+00 0.000000000000000000e+00 2.372009605169296265e-01 1.226899504661560059e+00 4.550968706607818604e-01 0.000000000000000000e+00
5.412039756774902344e+00 0.000000000000000000e+00 0.000000000000000000e+00 0.000000000000000000e+00 3.357095479965209961e+00 0.000000000000000000e+00 0.000000000000000000e+00 0.000000000000000000e+00 4.157934188842773438e+00 2.681064844131469727e+00 2.085791349411010742e+00 0.000000000000000000e+00
2.049710750579833984e+00 0.000000000000000000e+00 0.000000000000000000e+00 0.000000000000000000e+00 1.028347849845886230e+00 0.000000000000000000e+00 0.000000000000000000e+00 0.000000000000000000e+00 2.303270697593688965e-01 4.425634145736694336e-01 7.874653339385986328e-01 0.000000000000000000e+00
4.071181640028953552e-02 0.000000000000000000e+00 0.000000000000000000e+00 0.000000000000000000e+00 8.520051240921020508e-01 0.000000000000000000e+00 0.000000000000000000e+00 0.000000000000000000e+00 6.424485445022583008e-01 3.093293607234954834e-01 2.101760387420654297e+00 0.000000000000000000e+00
1.227087855339050293e+00 0.000000000000000000e+00 0.000000000000000000e+00 0.000000000000000000e+00 1.579842567443847656e+00 0.000000000000000000e+00 0.000000000000000000e+00 0.000000000000000000e+00 1.756208658218383789e+00 7.665886878967285156e-01 2.136485427618026733e-01 0.000000000000000000e+00
2.758353948593139648e+00 0.000000000000000000e+00 0.000000000000000000e+00 0.000000000000000000e+00 1.772986769676208496e+00 0.000000000000000000e+00 0.000000000000000000e+00 0.000000000000000000e+00 4.590023517608642578e+00 1.594833970069885254e+00 3.609632730484008789e+00 0.000000000000000000e+00
3.235884904861450195e+00 0.000000000000000000e+00 0.000000000000000000e+00 0.000000000000000000e+00 1.571803092956542969e+00 0.000000000000000000e+00 0.000000000000000000e+00 0.000000000000000000e+00 2.589799165725708008e-01 1.092345476150512695e+00 2.301341146230697632e-01 0.000000000000000000e+00
3.621184080839157104e-02 0.000000000000000000e+00 0.000000000000000000e+00 0.000000000000000000e+00 1.704335331916809082e+00 0.000000000000000000e+00 0.000000000000000000e+00 0.000000000000000000e+00 6.532058864831924438e-02 8.665192872285842896e-02 8.460882306098937988e-02 0.000000000000000000e+00
3.129258155822753906e+00 0.000000000000000000e+00 0.000000000000000000e+00 0.000000000000000000e+00 1.147262930870056152e+00 0.000000000000000000e+00 0.000000000000000000e+00 0.000000000000000000e+00 2.534682452678680420e-01 1.514020919799804688e+00 7.284840941429138184e-01 0.000000000000000000e+00
3.462571185082197189e-03 0.000000000000000000e+00 0.000000000000000000e+00 0.000000000000000000e+00 1.567731022834777832e+00 0.000000000000000000e+00 0.000000000000000000e+00 0.000000000000000000e+00 2.656555771827697754e-01 3.328956663608551025e-01 7.926371693611145020e-02 0.000000000000000000e+00
6.504485011100769043e-02 0.000000000000000000e+00 0.000000000000000000e+00 0.000000000000000000e+00 1.312244415283203125e+00 0.000000000000000000e+00 0.000000000000000000e+00 0.000000000000000000e+00 1.134345769882202148e+00 1.070179820060729980e+00 5.694956183433532715e-01 0.000000000000000000e+00
3.540469110012054443e-01 0.000000000000000000e+00 0.000000000000000000e+00 0.000000000000000000e+00 1.363815546035766602e+00 0.000000000000000000e+00 0.000000000000000000e+00 0.000000000000000000e+00 2.130532562732696533e-01 1.159285068511962891e+00 1.673021793365478516e+00 0.000000000000000000e+00
4.621840417385101318e-01 0.000000000000000000e+00 0.000000000000000000e+00 0.000000000000000000e+00 6.231127381324768066e-01 0.000000000000000000e+00 0.000000000000000000e+00 0.000000000000000000e+00 1.363696719636209309e-05 1.888272643089294434e+00 3.687537908554077148e+00 0.000000000000000000e+00
8.133444786071777344e-01 0.000000000000000000e+00 0.000000000000000000e+00 0.000000000000000000e+00 9.641226530075073242e-01 0.000000000000000000e+00 0.000000000000000000e+00 0.000000000000000000e+00 9.179992675781250000e-01 7.401292324066162109e-01 1.044930219650268555e+00 0.000000000000000000e+00
3.104203642578795552e-06 0.000000000000000000e+00 0.000000000000000000e+00 0.000000000000000000e+00 3.852304431006814411e-08 0.000000000000000000e+00 0.000000000000000000e+00 0.000000000000000000e+00 4.152439907193183899e-02 7.325884699821472168e-01 6.380173726938664913e-04 0.000000000000000000e+00
1.769478082656860352e+00 0.000000000000000000e+00 0.000000000000000000e+00 0.000000000000000000e+00 7.819341421127319336e-01 0.000000000000000000e+00 0.000000000000000000e+00 0.000000000000000000e+00 2.527264595031738281e+00 8.938896656036376953e-01 8.979621529579162598e-02 0.000000000000000000e+00
5.395189672708511353e-02 0.000000000000000000e+00 0.000000000000000000e+00 0.000000000000000000e+00 2.619188725948333740e-01 0.000000000000000000e+00 0.000000000000000000e+00 0.000000000000000000e+00 8.463597297668457031e-02 6.627612113952636719e-01 7.567940354347229004e-01 0.000000000000000000e+00
4.060708999633789062e+00 0.000000000000000000e+00 0.000000000000000000e+00 0.000000000000000000e+00 1.617437228560447693e-03 0.000000000000000000e+00 0.000000000000000000e+00 0.000000000000000000e+00 3.435286879539489746e-01 1.411077380180358887e+00 3.332262635231018066e-01 0.000000000000000000e+00
9.935813432093709707e-05 0.000000000000000000e+00 0.000000000000000000e+00 0.000000000000000000e+00 3.892906242981553078e-04 0.000000000000000000e+00 0.000000000000000000e+00 0.000000000000000000e+00 2.508989274501800537e-01 3.529573976993560791e-01 6.378083676099777222e-02 0.000000000000000000e+00
2.857368290424346924e-01 0.000000000000000000e+00 0.000000000000000000e+00 0.000000000000000000e+00 4.354969510012018930e-12 0.000000000000000000e+00 0.000000000000000000e+00 0.000000000000000000e+00 4.477247223258018494e-02 4.584626555442810059e-01 1.853694766759872437e-01 0.000000000000000000e+00
1.042719006538391113e+00 0.000000000000000000e+00 0.000000000000000000e+00 0.000000000000000000e+00 3.940509632229804993e-02 0.000000000000000000e+00 0.000000000000000000e+00 0.000000000000000000e+00 1.020118355751037598e+00 1.105370402336120605e+00 3.498127937316894531e+00 0.000000000000000000e+00
3.419719263911247253e-02 0.000000000000000000e+00 0.000000000000000000e+00 0.000000000000000000e+00 2.386983670294284821e-02 0.000000000000000000e+00 0.000000000000000000e+00 0.000000000000000000e+00 5.746274590492248535e-01 4.244640767574310303e-01 1.641623675823211670e-01 0.000000000000000000e+00
2.537015974521636963e-01 0.000000000000000000e+00 0.000000000000000000e+00 0.000000000000000000e+00 4.003132879734039307e-01 0.000000000000000000e+00 0.000000000000000000e+00 0.000000000000000000e+00 1.847714781761169434e+00 1.066248178482055664e+00 1.278495788574218750e+00 0.000000000000000000e+00
1.775600790977478027e+00 0.000000000000000000e+00 0.000000000000000000e+00 0.000000000000000000e+00 2.395322620868682861e-01 0.000000000000000000e+00 0.000000000000000000e+00 0.000000000000000000e+00 2.347158193588256836e+00 3.768845498561859131e-01 1.866482377052307129e+00 0.000000000000000000e+00
8.322444558143615723e-02 0.000000000000000000e+00 0.000000000000000000e+00 0.000000000000000000e+00 2.309756120666861534e-03 0.000000000000000000e+00 0.000000000000000000e+00 0.000000000000000000e+00 3.633362054824829102e-01 3.085300624370574951e-01 1.449590921401977539e+00 0.000000000000000000e+00
2.708511892706155777e-03 0.000000000000000000e+00 0.000000000000000000e+00 0.000000000000000000e+00 7.389257550239562988e-01 0.000000000000000000e+00 0.000000000000000000e+00 0.000000000000000000e+00 6.696205735206604004e-01 5.327663421630859375e-01 1.755147933959960938e+00 0.000000000000000000e+00
6.082758307456970215e-02 0.000000000000000000e+00 0.000000000000000000e+00 0.000000000000000000e+00 4.945822954177856445e-01 0.000000000000000000e+00 0.000000000000000000e+00 0.000000000000000000e+00 1.351602524518966675e-01 1.063516139984130859e+00 5.568374395370483398e-01 0.000000000000000000e+00
5.242952704429626465e-01 0.000000000000000000e+00 0.000000000000000000e+00 0.000000000000000000e+00 4.274556122254580259e-04 0.000000000000000000e+00 0.000000000000000000e+00 0.000000000000000000e+00 8.297057449817657471e-02 1.999042868614196777e+00 7.850395441055297852e-01 0.000000000000000000e+00
9.281657338142395020e-01 0.000000000000000000e+00 0.000000000000000000e+00 0.000000000000000000e+00 2.656204402446746826e-01 0.000000000000000000e+00 0.000000000000000000e+00 0.000000000000000000e+00 2.023846387863159180e+00 3.591809272766113281e-01 1.217855811119079590e+00 0.000000000000000000e+00
3.178763389587402344e-01 0.000000000000000000e+00 0.000000000000000000e+00 0.000000000000000000e+00 4.491096436977386475e-01 0.000000000000000000e+00 0.000000000000000000e+00 0.000000000000000000e+00 2.320337533950805664e+00 1.395146250724792480e+00 2.487228661775588989e-01 0.000000000000000000e+00
1.692221164703369141e-01 0.000000000000000000e+00 0.000000000000000000e+00 0.000000000000000000e+00 1.668597757816314697e-01 0.000000000000000000e+00 0.000000000000000000e+00 0.000000000000000000e+00 1.166929583996534348e-02 4.110587537288665771e-01 5.570952780544757843e-04 0.000000000000000000e+00
5.789624899625778198e-02 0.000000000000000000e+00 0.000000000000000000e+00 0.000000000000000000e+00 2.954585090041844664e-13 0.000000000000000000e+00 0.000000000000000000e+00 0.000000000000000000e+00 3.822368755936622620e-02 4.638167619705200195e-01 0.000000000000000000e+00 0.000000000000000000e+00
3.366480827331542969e+00 0.000000000000000000e+00 0.000000000000000000e+00 0.000000000000000000e+00 2.359487563371658325e-01 0.000000000000000000e+00 0.000000000000000000e+00 0.000000000000000000e+00 5.348246693611145020e-01 1.629986047744750977e+00 0.000000000000000000e+00 0.000000000000000000e+00
1.066225171089172363e+00 0.000000000000000000e+00 0.000000000000000000e+00 0.000000000000000000e+00 4.744043690152466297e-05 0.000000000000000000e+00 0.000000000000000000e+00 0.000000000000000000e+00 2.093266099691390991e-01 4.466219842433929443e-01 0.000000000000000000e+00 0.000000000000000000e+00
9.241059422492980957e-01 0.000000000000000000e+00 0.000000000000000000e+00 0.000000000000000000e+00 2.480054646730422974e-01 0.000000000000000000e+00 0.000000000000000000e+00 0.000000000000000000e+00 1.227573633193969727e+00 5.843980312347412109e-01 0.000000000000000000e+00 0.000000000000000000e+00
2.719316482543945312e+00 0.000000000000000000e+00 0.000000000000000000e+00 0.000000000000000000e+00 1.545575112104415894e-01 0.000000000000000000e+00 0.000000000000000000e+00 0.000000000000000000e+00 1.257963627576828003e-01 5.676182508468627930e-01 0.000000000000000000e+00 0.000000000000000000e+00
4.874198138713836670e-01 0.000000000000000000e+00 0.000000000000000000e+00 0.000000000000000000e+00 2.138157337903976440e-01 0.000000000000000000e+00 0.000000000000000000e+00 0.000000000000000000e+00 2.638644933700561523e+00 5.199605971574783325e-02 0.000000000000000000e+00 0.000000000000000000e+00
4.264739155769348145e-01 0.000000000000000000e+00 0.000000000000000000e+00 0.000000000000000000e+00 6.055188132449984550e-04 0.000000000000000000e+00 0.000000000000000000e+00 0.000000000000000000e+00 8.180257678031921387e-01 1.084532588720321655e-01 0.000000000000000000e+00 0.000000000000000000e+00
2.382411211729049683e-01 0.000000000000000000e+00 0.000000000000000000e+00 0.000000000000000000e+00 5.727897863835096359e-03 0.000000000000000000e+00 0.000000000000000000e+00 0.000000000000000000e+00 1.333048701286315918e+00 1.404251903295516968e-01 0.000000000000000000e+00 0.000000000000000000e+00
4.694414436817169189e-01 0.000000000000000000e+00 0.000000000000000000e+00 0.000000000000000000e+00 6.555444560945034027e-04 0.000000000000000000e+00 0.000000000000000000e+00 0.000000000000000000e+00 2.699256658554077148e+00 1.843350194394588470e-02 0.000000000000000000e+00 0.000000000000000000e+00
2.636060714721679688e+00 0.000000000000000000e+00 0.000000000000000000e+00 0.000000000000000000e+00 1.496473996667191386e-04 0.000000000000000000e+00 0.000000000000000000e+00 0.000000000000000000e+00 1.388261437416076660e+00 3.135398626327514648e-01 0.000000000000000000e+00 0.000000000000000000e+00
2.226874113082885742e+00 0.000000000000000000e+00 0.000000000000000000e+00 0.000000000000000000e+00 8.701436966657638550e-02 0.000000000000000000e+00 0.000000000000000000e+00 0.000000000000000000e+00 7.990993261337280273e-01 2.336988151073455811e-01 0.000000000000000000e+00 0.000000000000000000e+00
1.285147428512573242e+00 0.000000000000000000e+00 0.000000000000000000e+00 0.000000000000000000e+00 1.058681402355432510e-02 0.000000000000000000e+00 0.000000000000000000e+00 0.000000000000000000e+00 4.836224615573883057e-01 4.746205806732177734e-01 0.000000000000000000e+00 0.000000000000000000e+00
5.140790939331054688e-01 0.000000000000000000e+00 0.000000000000000000e+00 0.000000000000000000e+00 4.857913125306367874e-03 0.000000000000000000e+00 0.000000000000000000e+00 0.000000000000000000e+00 1.373442530632019043e+00 3.403133749961853027e-01 0.000000000000000000e+00 0.000000000000000000e+00
1.292469620704650879e+00 0.000000000000000000e+00 0.000000000000000000e+00 0.000000000000000000e+00 1.511989384889602661e-01 0.000000000000000000e+00 0.000000000000000000e+00 0.000000000000000000e+00 1.192913293838500977e+00 6.561554074287414551e-01 0.000000000000000000e+00 0.000000000000000000e+00
6.000797152519226074e-01 0.000000000000000000e+00 0.000000000000000000e+00 0.000000000000000000e+00 1.208291575312614441e-01 0.000000000000000000e+00 0.000000000000000000e+00 0.000000000000000000e+00 1.245156884193420410e+00 8.510416746139526367e-02 0.000000000000000000e+00 0.000000000000000000e+00
4.628959298133850098e-01 0.000000000000000000e+00 0.000000000000000000e+00 0.000000000000000000e+00 2.086046040058135986e-01 0.000000000000000000e+00 0.000000000000000000e+00 0.000000000000000000e+00 1.203829169273376465e+00 1.433038152754306793e-02 0.000000000000000000e+00 0.000000000000000000e+00
1.387664675712585449e+00 0.000000000000000000e+00 0.000000000000000000e+00 0.000000000000000000e+00 1.653562208048242610e-06 0.000000000000000000e+00 0.000000000000000000e+00 0.000000000000000000e+00 0.000000000000000000e+00 1.276133675128221512e-02 0.000000000000000000e+00 0.000000000000000000e+00
2.434030532836914062e+00 0.000000000000000000e+00 0.000000000000000000e+00 0.000000000000000000e+00 2.531159222126007080e-01 0.000000000000000000e+00 0.000000000000000000e+00 0.000000000000000000e+00 1.159306149929761887e-02 2.273739576339721680e-01 0.000000000000000000e+00 0.000000000000000000e+00
2.430593729019165039e+00 0.000000000000000000e+00 0.000000000000000000e+00 0.000000000000000000e+00 1.126696243882179260e-01 0.000000000000000000e+00 0.000000000000000000e+00 0.000000000000000000e+00 0.000000000000000000e+00 7.677562534809112549e-02 0.000000000000000000e+00 0.000000000000000000e+00
3.508719444274902344e+00 0.000000000000000000e+00 0.000000000000000000e+00 0.000000000000000000e+00 7.206255793571472168e-01 0.000000000000000000e+00 0.000000000000000000e+00 0.000000000000000000e+00 0.000000000000000000e+00 7.767681032419204712e-02 0.000000000000000000e+00 0.000000000000000000e+00
1.749891400337219238e+00 0.000000000000000000e+00 0.000000000000000000e+00 0.000000000000000000e+00 1.023684665560722351e-01 0.000000000000000000e+00 0.000000000000000000e+00 0.000000000000000000e+00 0.000000000000000000e+00 1.062376201152801514e-01 0.000000000000000000e+00 0.000000000000000000e+00
1.091273665428161621e+00 0.000000000000000000e+00 0.000000000000000000e+00 0.000000000000000000e+00 9.463570266962051392e-02 0.000000000000000000e+00 0.000000000000000000e+00 0.000000000000000000e+00 0.000000000000000000e+00 3.597769141197204590e-02 0.000000000000000000e+00 0.000000000000000000e+00
1.618549466133117676e+00 0.000000000000000000e+00 0.000000000000000000e+00 0.000000000000000000e+00 1.138023734092712402e-01 0.000000000000000000e+00 0.000000000000000000e+00 0.000000000000000000e+00 0.000000000000000000e+00 2.517268247902393341e-02 0.000000000000000000e+00 0.000000000000000000e+00
6.042001247406005859e-01 0.000000000000000000e+00 0.000000000000000000e+00 0.000000000000000000e+00 1.912643760442733765e-01 0.000000000000000000e+00 0.000000000000000000e+00 0.000000000000000000e+00 0.000000000000000000e+00 4.095603823661804199e-01 0.000000000000000000e+00 0.000000000000000000e+00
7.217361330986022949e-01 0.000000000000000000e+00 0.000000000000000000e+00 0.000000000000000000e+00 5.093753337860107422e-01 0.000000000000000000e+00 0.000000000000000000e+00 0.000000000000000000e+00 0.000000000000000000e+00 3.568341732025146484e-01 0.000000000000000000e+00 0.000000000000000000e+00
1.015055537223815918e+00 0.000000000000000000e+00 0.000000000000000000e+00 0.000000000000000000e+00 4.291449329230090370e-08 0.000000000000000000e+00 0.000000000000000000e+00 0.000000000000000000e+00 0.000000000000000000e+00 9.019219279289245605e-01 0.000000000000000000e+00 0.000000000000000000e+00
3.939805924892425537e-01 0.000000000000000000e+00 0.000000000000000000e+00 0.000000000000000000e+00 1.808481365442276001e-01 0.000000000000000000e+00 0.000000000000000000e+00 0.000000000000000000e+00 0.000000000000000000e+00 5.209349393844604492e-01 0.000000000000000000e+00 0.000000000000000000e+00
5.597773194313049316e-01 0.000000000000000000e+00 0.000000000000000000e+00 0.000000000000000000e+00 2.965114545077085495e-04 0.000000000000000000e+00 0.000000000000000000e+00 0.000000000000000000e+00 0.000000000000000000e+00 4.907045662403106689e-01 0.000000000000000000e+00 0.000000000000000000e+00
0.000000000000000000e+00 0.000000000000000000e+00 0.000000000000000000e+00 0.000000000000000000e+00 2.050090581178665161e-01 0.000000000000000000e+00 0.000000000000000000e+00 0.000000000000000000e+00 0.000000000000000000e+00 3.419518768787384033e-01 0.000000000000000000e+00 0.000000000000000000e+00
0.000000000000000000e+00 0.000000000000000000e+00 0.000000000000000000e+00 0.000000000000000000e+00 1.168647706508636475e-01 0.000000000000000000e+00 0.000000000000000000e+00 0.000000000000000000e+00 0.000000000000000000e+00 2.962810695171356201e-01 0.000000000000000000e+00 0.000000000000000000e+00
0.000000000000000000e+00 0.000000000000000000e+00 0.000000000000000000e+00 0.000000000000000000e+00 2.125626355409622192e-01 0.000000000000000000e+00 0.000000000000000000e+00 0.000000000000000000e+00 0.000000000000000000e+00 9.962356649339199066e-03 0.000000000000000000e+00 0.000000000000000000e+00
0.000000000000000000e+00 0.000000000000000000e+00 0.000000000000000000e+00 0.000000000000000000e+00 8.126278966665267944e-02 0.000000000000000000e+00 0.000000000000000000e+00 0.000000000000000000e+00 0.000000000000000000e+00 8.573044091463088989e-03 0.000000000000000000e+00 0.000000000000000000e+00
0.000000000000000000e+00 0.000000000000000000e+00 0.000000000000000000e+00 0.000000000000000000e+00 1.142582893371582031e-01 0.000000000000000000e+00 0.000000000000000000e+00 0.000000000000000000e+00 0.000000000000000000e+00 0.000000000000000000e+00 0.000000000000000000e+00 0.000000000000000000e+00
0.000000000000000000e+00 0.000000000000000000e+00 0.000000000000000000e+00 0.000000000000000000e+00 3.722989261150360107e-01 0.000000000000000000e+00 0.000000000000000000e+00 0.000000000000000000e+00 0.000000000000000000e+00 0.000000000000000000e+00 0.000000000000000000e+00 0.000000000000000000e+00
0.000000000000000000e+00 0.000000000000000000e+00 0.000000000000000000e+00 0.000000000000000000e+00 4.036420881748199463e-01 0.000000000000000000e+00 0.000000000000000000e+00 0.000000000000000000e+00 0.000000000000000000e+00 0.000000000000000000e+00 0.000000000000000000e+00 0.000000000000000000e+00
0.000000000000000000e+00 0.000000000000000000e+00 0.000000000000000000e+00 0.000000000000000000e+00 0.000000000000000000e+00 0.000000000000000000e+00 0.000000000000000000e+00 0.000000000000000000e+00 0.000000000000000000e+00 0.000000000000000000e+00 0.000000000000000000e+00 0.000000000000000000e+00
0.000000000000000000e+00 0.000000000000000000e+00 0.000000000000000000e+00 0.000000000000000000e+00 5.987916141748428345e-03 0.000000000000000000e+00 0.000000000000000000e+00 0.000000000000000000e+00 0.000000000000000000e+00 0.000000000000000000e+00 0.000000000000000000e+00 0.000000000000000000e+00
0.000000000000000000e+00 0.000000000000000000e+00 0.000000000000000000e+00 0.000000000000000000e+00 0.000000000000000000e+00 0.000000000000000000e+00 0.000000000000000000e+00 0.000000000000000000e+00 0.000000000000000000e+00 0.000000000000000000e+00 0.000000000000000000e+00 0.000000000000000000e+00
0.000000000000000000e+00 0.000000000000000000e+00 0.000000000000000000e+00 0.000000000000000000e+00 0.000000000000000000e+00 0.000000000000000000e+00 0.000000000000000000e+00 0.000000000000000000e+00 0.000000000000000000e+00 0.000000000000000000e+00 0.000000000000000000e+00 0.000000000000000000e+00
