3.350188903808593750e+02 3.509798431396484375e+01
3.350188903808593750e+02 3.509798431396484375e+01
3.350188903808593750e+02 3.509798431396484375e+01
3.350188903808593750e+02 3.509798431396484375e+01
3.350188903808593750e+02 3.509798431396484375e+01
3.350188903808593750e+02 3.509798431396484375e+01
3.350188903808593750e+02 3.509798431396484375e+01
3.350188903808593750e+02 3.509798431396484375e+01
3.350188903808593750e+02 3.509798431396484375e+01
3.350188903808593750e+02 3.509798431396484375e+01
3.350188903808593750e+02 3.509798431396484375e+01
3.350188903808593750e+02 3.509798431396484375e+01
3.350188903808593750e+02 3.509798431396484375e+01
3.350188903808593750e+02 3.509798431396484375e+01
3.350188903808593750e+02 3.509798431396484375e+01
3.350188903808593750e+02 3.509798431396484375e+01
3.350188903808593750e+02 3.509798431396484375e+01
3.350188903808593750e+02 3.509798431396484375e+01
3.350188903808593750e+02 3.509798431396484375e+01
3.350188903808593750e+02 3.509798431396484375e+01
3.350188903808593750e+02 3.509798431396484375e+01
3.350188903808593750e+02 3.509798431396484375e+01
3.350188903808593750e+02 3.509798431396484375e+01
3.350188903808593750e+02 3.509798431396484375e+01
3.350188903808593750e+02 3.509798431396484375e+01
3.350188903808593750e+02 3.509798431396484375e+01
3.350188903808593750e+02 3.509798431396484375e+01
3.350188903808593750e+02 3.509798431396484375e+01
3.350188903808593750e+02 3.509798431396484375e+01
3.350188903808593750e+02 3.509798431396484375e+01
3.350188903808593750e+02 3.509798431396484375e+01
3.350188903808593750e+02 3.509798431396484375e+01
3.350188903808593750e+02 3.509798431396484375e+01
3.350188903808593750e+02 3.509798431396484375e+01
3.350188903808593750e+02 3.509798431396484375e+01
3.350188903808593750e+02 3.509798431396484375e+01
3.350188903808593750e+02 3.509798431396484375e+01
3.350188903808593750e+02 3.509798431396484375e+01
3.350188903808593750e+02 3.509798431396484375e+01
3.350188903808593750e+02 3.509798431396484375e+01
3.350188903808593750e+02 3.509798431396484375e+01
3.350188903808593750e+02 3.509798431396484375e+01
3.350188903808593750e+02 3.509798431396484375e+01
3.350188903808593750e+02 3.509798431396484375e+01
3.350188903808593750e+02 3.509798431396484375e+01
3.350188903808593750e+02 3.509798431396484375e+01
3.350188903808593750e+02 3.509798431396484375e+01
3.350188903808593750e+02 3.509798431396484375e+01
3.350188903808593750e+02 3.509798431396484375e+01
3.350188903808593750e+02 3.509798431396484375e+01
3.350188903808593750e+02 3.509798431396484375e+01
3.350188903808593750e+02 3.509798431396484375e+01
3.350188903808593750e+02 3.509798431396484375e+01
3.350188903808593750e+02 3.509798431396484375e+01
3.350188903808593750e+02 3.509798431396484375e+01
3.350188903808593750e+02 3.509798431396484375e+01
3.350188903808593750e+02 3.509798431396484375e+01
3.350188903808593750e+02 3.509798431396484375e+01
3.350188903808593750e+02 3.509798431396484375e+01
3.350188903808593750e+02 3.509798431396484375e+01
3.350188903808593750e+02 3.509798431396484375e+01
3.350188903808593750e+02 3.509798431396484375e+01
3.350188903808593750e+02 3.509798431396484375e+01
3.350188903808593750e+02 3.509798431396484375e+01
3.350188903808593750e+02 3.509798431396484375e+01
3.350188903808593750e+02 3.509798431396484375e+01
3.350188903808593750e+02 3.509798431396484375e+01
3.350188903808593750e+02 3.509798431396484375e+01
3.350188903808593750e+02 3.509798431396484375e+01
3.350188903808593750e+02 3.509798431396484375e+01
3.350188903808593750e+02 3.509798431396484375e+01
3.350188903808593750e+02 3.509798431396484375e+01
3.350188903808593750e+02 3.509798431396484375e+01
3.350188903808593750e+02 3.509798431396484375e+01
3.350188903808593750e+02 3.509798431396484375e+01
3.350188903808593750e+02 3.509798431396484375e+01
3.350188903808593750e+02 3.509798431396484375e+01
3.350188903808593750e+02 3.509798431396484375e+01
3.350188903808593750e+02 3.509798431396484375e+01
3.350188903808593750e+02 3.509798431396484375e+01
