7.600000000000000000e+01 9.000000000000000000e+00 0.000000000000000000e+00 1.750000000000000167e-02 3.200000000000000000e+01 2.000000000000000000e+00 1.632155766433746099e+09
1.100000000000000000e+02 1.000000000000000000e+01 4.500000000000000000e+01 1.750000000000000167e-02 3.200000000000000000e+01 2.000000000000000000e+00 1.632155781446945906e+09
1.440000000000000000e+02 3.000000000000000000e+00 9.000000000000000000e+01 1.750000000000000167e-02 3.200000000000000000e+01 2.000000000000000000e+00 1.632155796448052883e+09
1.780000000000000000e+02 1.200000000000000000e+01 1.350000000000000000e+02 1.750000000000000167e-02 3.200000000000000000e+01 2.000000000000000000e+00 1.632155811454353571e+09
2.120000000000000000e+02 1.300000000000000000e+01 1.800000000000000000e+02 1.750000000000000167e-02 3.200000000000000000e+01 2.000000000000000000e+00 1.632155826441893101e+09
2.470000000000000000e+02 1.400000000000000000e+01 2.250000000000000000e+02 1.750000000000000167e-02 3.200000000000000000e+01 2.000000000000000000e+00 1.632155841455138445e+09
2.810000000000000000e+02 4.000000000000000000e+00 2.700000000000000000e+02 1.750000000000000167e-02 3.200000000000000000e+01 2.000000000000000000e+00 1.632155856447888851e+09
3.150000000000000000e+02 1.600000000000000000e+01 3.150000000000000000e+02 1.750000000000000167e-02 3.200000000000000000e+01 2.000000000000000000e+00 1.632155871455902576e+09
3.490000000000000000e+02 9.000000000000000000e+00 0.000000000000000000e+00 1.750000000000000167e-02 1.000000000000000000e+01 2.000000000000000000e+00 1.632155886457378149e+09
3.830000000000000000e+02 9.000000000000000000e+00 0.000000000000000000e+00 1.750000000000000167e-02 1.000000000000000000e+01 2.000000000000000000e+00 1.632155901464983463e+09
4.170000000000000000e+02 1.000000000000000000e+01 4.500000000000000000e+01 1.750000000000000167e-02 1.000000000000000000e+01 2.000000000000000000e+00 1.632155916471047401e+09
4.510000000000000000e+02 1.000000000000000000e+01 4.500000000000000000e+01 1.750000000000000167e-02 1.000000000000000000e+01 2.000000000000000000e+00 1.632155931474864483e+09
4.850000000000000000e+02 1.000000000000000000e+01 4.500000000000000000e+01 1.750000000000000167e-02 1.000000000000000000e+01 2.000000000000000000e+00 1.632155946495826006e+09
5.190000000000000000e+02 3.000000000000000000e+00 9.000000000000000000e+01 1.750000000000000167e-02 1.000000000000000000e+01 2.000000000000000000e+00 1.632155961486210346e+09
5.540000000000000000e+02 9.000000000000000000e+00 0.000000000000000000e+00 1.750000000000000167e-02 5.400000000000000000e+01 2.000000000000000000e+00 1.632155976518643379e+09
5.880000000000000000e+02 9.000000000000000000e+00 0.000000000000000000e+00 1.750000000000000167e-02 5.400000000000000000e+01 2.000000000000000000e+00 1.632155991494502068e+09
6.220000000000000000e+02 1.000000000000000000e+01 4.500000000000000000e+01 1.750000000000000167e-02 1.000000000000000000e+01 2.000000000000000000e+00 1.632156006502700090e+09
6.560000000000000000e+02 9.000000000000000000e+00 0.000000000000000000e+00 1.750000000000000167e-02 1.000000000000000000e+01 2.000000000000000000e+00 1.632156021503021479e+09
6.900000000000000000e+02 9.000000000000000000e+00 0.000000000000000000e+00 1.750000000000000167e-02 1.000000000000000000e+01 2.000000000000000000e+00 1.632156036533174276e+09
7.240000000000000000e+02 9.000000000000000000e+00 0.000000000000000000e+00 1.750000000000000167e-02 1.000000000000000000e+01 2.000000000000000000e+00 1.632156051557176352e+09
7.580000000000000000e+02 9.000000000000000000e+00 0.000000000000000000e+00 1.750000000000000167e-02 1.000000000000000000e+01 2.000000000000000000e+00 1.632156066560573578e+09
7.920000000000000000e+02 1.600000000000000000e+01 3.150000000000000000e+02 3.500000000000000333e-02 5.400000000000000000e+01 2.000000000000000000e+00 1.632156081569279671e+09
8.260000000000000000e+02 1.200000000000000000e+01 1.350000000000000000e+02 7.000000000000000666e-02 5.400000000000000000e+01 2.000000000000000000e+00 1.632156096594159126e+09
8.610000000000000000e+02 1.300000000000000000e+01 1.800000000000000000e+02 3.500000000000000333e-02 5.400000000000000000e+01 2.000000000000000000e+00 1.632156111609357119e+09
8.950000000000000000e+02 1.000000000000000000e+01 4.500000000000000000e+01 5.249999999999999806e-02 5.400000000000000000e+01 2.000000000000000000e+00 1.632156126599476814e+09